1 0.12560386473429952 0.27366255144032925 0.15458937198067632 0.4650205761316873
1 0.30676328502415456 0.2592592592592593 0.18840579710144928 0.46913580246913583
1 0.4444444444444444 0.23251028806584365 0.08695652173913043 0.36625514403292186
1 0.681159420289855 0.2777777777777778 0.15458937198067632 0.45679012345679015
1 0.8623188405797101 0.27983539094650206 0.16908212560386474 0.4855967078189301
0 0.8526570048309179 0.0617283950617284 0.07246376811594203 0.041152263374485604
0 0.6570048309178743 0.06790123456790124 0.06763285024154589 0.03703703703703704
0 0.4468599033816425 0.07407407407407408 0.07246376811594203 0.03292181069958848
0 0.2801932367149758 0.051440329218107 0.06763285024154589 0.03703703703703704
0 0.12801932367149757 0.06995884773662552 0.09178743961352656 0.041152263374485604
