0 0.5139442231075697 0.10945273631840796 0.24701195219123506 0.21890547263681592
0 0.14940239043824702 0.11691542288557213 0.06772908366533864 0.06467661691542288
0 0.22111553784860558 0.14925373134328357 0.05179282868525896 0.04975124378109452
0 0.37649402390438247 0.1318407960199005 0.08366533864541832 0.05472636815920398
0 0.7928286852589641 0.1517412935323383 0.06374501992031872 0.06467661691542288
0 0.9023904382470119 0.16417910447761194 0.06772908366533864 0.05970149253731343
1 0.9043824701195219 0.41044776119402987 0.11952191235059761 0.5522388059701493
1 0.798804780876494 0.3980099502487562 0.099601593625498 0.5472636815920398
2 0.7111553784860558 0.4154228855721393 0.099601593625498 0.5024875621890548
1 0.5298804780876494 0.46766169154228854 0.3665338645418327 0.9154228855721392
2 0.3047808764940239 0.2810945273631841 0.09163346613545817 0.24378109452736318
1 0.15139442231075698 0.39552238805970147 0.13545816733067728 0.6119402985074627
1 0.23107569721115537 0.23880597014925373 0.07171314741035856 0.23880597014925373
1 0.38645418326693226 0.22388059701492538 0.08764940239043825 0.23880597014925373
1 0.6434262948207171 0.263681592039801 0.06772908366533864 0.3283582089552239
