1 0.6896551724137931 0.48563218390804597 0.22758620689655173 0.8563218390804598
0 0.8844827586206896 0.10057471264367816 0.06551724137931034 0.08620689655172414
1 0.8931034482758621 0.46839080459770116 0.15172413793103448 0.82183908045977
1 0.4689655172413793 0.47413793103448276 0.14482758620689656 0.7873563218390804
1 0.3086206896551724 0.48563218390804597 0.15517241379310345 0.7873563218390804
1 0.12586206896551724 0.46551724137931033 0.18275862068965518 0.8505747126436781
0 0.12586206896551724 0.09195402298850575 0.0793103448275862 0.09195402298850575
0 0.2827586206896552 0.13218390804597702 0.06896551724137931 0.06896551724137931
0 0.4517241379310345 0.11781609195402298 0.06896551724137931 0.07471264367816091
0 0.6724137931034483 0.14080459770114942 0.10344827586206896 0.13218390804597702
