0 0.07090909090909091 0.1284153005464481 0.14181818181818182 0.2568306010928962
0 0.32 0.09562841530054644 0.12363636363636364 0.11475409836065574
0 0.43272727272727274 0.19672131147540983 0.16727272727272727 0.17486338797814208
0 0.8327272727272728 0.11202185792349727 0.20363636363636364 0.22404371584699453
0 0.9472727272727273 0.226775956284153 0.06909090909090909 0.14754098360655737
1 0.10727272727272727 0.44808743169398907 0.20727272727272728 0.8961748633879781
1 0.2872727272727273 0.19398907103825136 0.16727272727272727 0.3333333333333333
1 0.4509090909090909 0.31693989071038253 0.23272727272727273 0.4262295081967213
1 0.7963636363636364 0.4918032786885246 0.3927272727272727 0.9398907103825137
1 0.9545454545454546 0.273224043715847 0.08363636363636363 0.25136612021857924
