0 0.14909090909090908 0.13043478260869565 0.11636363636363636 0.14130434782608695
0 0.3327272727272727 0.11413043478260869 0.08363636363636363 0.07608695652173914
0 0.5036363636363637 0.08967391304347826 0.1781818181818182 0.1793478260869565
0 0.66 0.11684782608695651 0.08363636363636363 0.08152173913043478
0 0.86 0.11684782608695651 0.11272727272727273 0.125
1 0.17272727272727273 0.44565217391304346 0.21454545454545454 0.7717391304347826
1 0.33454545454545453 0.21739130434782608 0.15272727272727274 0.30434782608695654
1 0.5272727272727272 0.45652173913043476 0.27636363636363637 0.9021739130434783
1 0.6690909090909091 0.22554347826086957 0.13090909090909092 0.34239130434782605
1 0.8672727272727273 0.4701086956521739 0.2509090909090909 0.875
