0 0.5198412698412698 0.1275 0.1984126984126984 0.17500000000000002
0 0.13293650793650794 0.08750000000000001 0.06746031746031746 0.045
0 0.20039682539682538 0.11750000000000001 0.05952380952380952 0.055
0 0.3611111111111111 0.10250000000000001 0.07142857142857142 0.065
0 0.7757936507936507 0.1275 0.06746031746031746 0.055
0 0.878968253968254 0.135 0.05952380952380952 0.05
2 0.6984126984126984 0.3225 0.09523809523809523 0.385
2 0.2857142857142857 0.3375 0.09523809523809523 0.395
1 0.14087301587301587 0.37 0.12301587301587301 0.62
1 0.21428571428571427 0.255 0.0873015873015873 0.35000000000000003
1 0.5515873015873015 0.455 0.36507936507936506 0.8300000000000001
