0 0.5745454545454546 0.24316939890710382 0.05818181818181818 0.09289617486338798
0 0.4672727272727273 0.24863387978142076 0.07636363636363637 0.09289617486338798
0 0.46545454545454545 0.18032786885245902 0.06545454545454546 0.0546448087431694
0 0.3781818181818182 0.24863387978142076 0.07272727272727272 0.08196721311475409
0 0.3690909090909091 0.18032786885245902 0.06181818181818182 0.0546448087431694
0 0.2872727272727273 0.17759562841530055 0.10909090909090909 0.14754098360655737
0 0.20363636363636364 0.1092896174863388 0.08727272727272728 0.07650273224043716
0 0.08727272727272728 0.17486338797814208 0.11636363636363636 0.14207650273224043
0 0.03272727272727273 0.13387978142076504 0.05818181818181818 0.10382513661202186
1 0.5690909090909091 0.45901639344262296 0.08363636363636363 0.5027322404371585
1 0.4763636363636364 0.3224043715846995 0.13818181818181818 0.22950819672131148
1 0.3 0.5273224043715847 0.19272727272727272 0.8142076502732241
