0 0.8903846153846154 0.6417525773195876 0.20384615384615384 0.19072164948453607
0 0.49230769230769234 0.6417525773195876 0.14615384615384616 0.12886597938144329
0 0.47884615384615387 0.4381443298969072 0.09615384615384616 0.09278350515463918
0 0.7173076923076923 0.4845360824742268 0.17307692307692307 0.15463917525773196
0 0.8153846153846154 0.4381443298969072 0.08461538461538462 0.07216494845360824
0 0.6230769230769231 0.422680412371134 0.09230769230769231 0.09278350515463918
0 0.5980769230769231 0.26804123711340205 0.05 0.061855670103092786
0 0.2903846153846154 0.12371134020618557 0.2730769230769231 0.24742268041237114
0 0.08653846153846154 0.3479381443298969 0.12692307692307692 0.11855670103092783
0 0.023076923076923078 0.16752577319587628 0.046153846153846156 0.04639175257731959
1 0.03653846153846154 0.21649484536082475 0.07307692307692308 0.14432989690721648
1 0.2230769230769231 0.4948453608247423 0.4 0.9896907216494846
1 0.4730769230769231 0.788659793814433 0.2 0.4020618556701031
1 0.6826923076923077 0.6958762886597938 0.2576923076923077 0.5773195876288659
1 0.8673076923076923 0.768041237113402 0.25 0.4329896907216495
1 0.6038461538461539 0.30927835051546393 0.07692307692307693 0.14432989690721648
