0 0.11090909090909092 0.11475409836065574 0.07636363636363637 0.07650273224043716
0 0.31636363636363635 0.1366120218579235 0.08 0.08743169398907104
0 0.5454545454545454 0.13387978142076504 0.07272727272727272 0.060109289617486336
0 0.7218181818181818 0.08743169398907104 0.07636363636363637 0.08743169398907104
0 0.8836363636363637 0.1284153005464481 0.08727272727272728 0.08196721311475409
1 0.12 0.5300546448087432 0.16 0.8961748633879781
1 0.31272727272727274 0.5191256830601093 0.18181818181818182 0.8633879781420765
1 0.5672727272727273 0.4726775956284153 0.12363636363636364 0.7486338797814208
1 0.7290909090909091 0.5109289617486339 0.1709090909090909 0.9672131147540983
1 0.8945454545454545 0.5109289617486339 0.15272727272727274 0.8688524590163934
