0 0.1277777777777778 0.17204301075268819 0.10740740740740741 0.09677419354838711
0 0.3425925925925926 0.18548387096774194 0.11481481481481481 0.11290322580645162
0 0.49444444444444446 0.15591397849462366 0.12962962962962962 0.12903225806451613
0 0.6777777777777778 0.2231182795698925 0.11851851851851852 0.13440860215053765
0 0.8351851851851853 0.1478494623655914 0.12222222222222223 0.12365591397849464
1 0.16481481481481483 0.5591397849462366 0.24814814814814815 0.860215053763441
1 0.3314814814814815 0.4220430107526882 0.15925925925925927 0.5967741935483871
1 0.5037037037037038 0.5349462365591399 0.21481481481481482 0.8870967741935485
1 0.6870370370370371 0.5456989247311829 0.16666666666666669 0.7473118279569894
1 0.8592592592592593 0.5322580645161291 0.22222222222222224 0.89247311827957
