0 0.10909090909090909 0.17647058823529413 0.09696969696969697 0.10457516339869281
0 0.17727272727272728 0.13398692810457516 0.07575757575757576 0.11111111111111112
0 0.25606060606060604 0.06535947712418301 0.05757575757575758 0.0784313725490196
0 0.33181818181818185 0.10457516339869281 0.1 0.10457516339869281
0 0.4196969696969697 0.09477124183006536 0.06363636363636363 0.11111111111111112
0 0.5227272727272727 0.14705882352941177 0.09393939393939393 0.11111111111111112
0 0.7136363636363636 0.0392156862745098 0.08787878787878788 0.0784313725490196
0 0.8196969696969697 0.28758169934640526 0.1303030303030303 0.14379084967320263
0 0.7242424242424242 0.4084967320261438 0.15757575757575756 0.22875816993464054
0 0.4909090909090909 0.3464052287581699 0.1393939393939394 0.19607843137254902
0 0.23484848484848486 0.5 0.13636363636363635 0.1503267973856209
1 0.49393939393939396 0.607843137254902 0.24848484848484848 0.7058823529411765
1 0.24696969696969698 0.6928104575163399 0.23333333333333334 0.5228758169934641
1 0.7227272727272728 0.6503267973856209 0.22727272727272727 0.6862745098039216
1 0.8575757575757575 0.5490196078431373 0.18787878787878787 0.6797385620915033
1 0.25303030303030305 0.12418300653594772 0.06363636363636363 0.18300653594771243
1 0.3575757575757576 0.2450980392156863 0.12121212121212122 0.43790849673202614
1 0.4257575757575758 0.14379084967320263 0.0696969696969697 0.20915032679738563
1 0.7242424242424242 0.15359477124183007 0.11515151515151516 0.29411764705882354
1 0.11666666666666667 0.24836601307189543 0.10606060606060606 0.24836601307189543
2 0.07272727272727272 0.411764705882353 0.09090909090909091 0.32679738562091504
2 0.2606060606060606 0.3366013071895425 0.07272727272727272 0.21568627450980393
2 0.05606060606060606 0.07189542483660132 0.06363636363636363 0.13071895424836602
