0 0.8853383458646616 0.13421052631578947 0.22180451127819548 0.2263157894736842
0 0.5676691729323308 0.16052631578947368 0.06766917293233082 0.06842105263157895
0 0.46428571428571425 0.1631578947368421 0.07894736842105263 0.07368421052631578
0 0.3590225563909774 0.24210526315789474 0.07894736842105263 0.07368421052631578
0 0.2725563909774436 0.15526315789473683 0.07894736842105263 0.07894736842105263
0 0.14285714285714285 0.15263157894736842 0.08270676691729323 0.06315789473684211
1 0.8364661654135338 0.4868421052631579 0.31954887218045114 0.9210526315789473
1 0.593984962406015 0.5052631578947369 0.15037593984962405 0.7999999999999999
1 0.4680451127819549 0.5289473684210526 0.12406015037593984 0.8157894736842105
1 0.3571428571428571 0.5789473684210527 0.10526315789473684 0.7473684210526316
1 0.2650375939849624 0.25789473684210523 0.13157894736842105 0.30526315789473685
1 0.13533834586466165 0.2736842105263158 0.11278195488721804 0.30526315789473685
