0 0.7607843137254902 0.2550505050505051 0.054901960784313725 0.06565656565656566
0 0.6803921568627451 0.2575757575757576 0.07450980392156863 0.08080808080808081
0 0.5431372549019607 0.22474747474747478 0.06666666666666667 0.07575757575757576
0 0.4725490196078431 0.21464646464646467 0.06666666666666667 0.06565656565656566
0 0.3686274509803922 0.23484848484848486 0.06274509803921569 0.06565656565656566
0 0.3137254901960784 0.2651515151515152 0.06274509803921569 0.07575757575757576
0 0.15098039215686274 0.25 0.07450980392156863 0.07575757575757576
2 0.8862745098039215 0.4545454545454546 0.1411764705882353 0.5353535353535354
1 0.7862745098039216 0.47222222222222227 0.13725490196078433 0.5
1 0.6745098039215687 0.5 0.13333333333333333 0.5555555555555556
1 0.5490196078431373 0.4772727272727273 0.10196078431372549 0.5909090909090909
1 0.4549019607843137 0.4772727272727273 0.08627450980392157 0.5808080808080809
1 0.31176470588235294 0.5151515151515152 0.13725490196078433 0.5757575757575758
1 0.1568627450980392 0.5075757575757576 0.1568627450980392 0.5909090909090909
