0 0.18727272727272729 0.27049180327868855 0.09818181818181818 0.09289617486338798
0 0.36363636363636365 0.16666666666666666 0.10909090909090909 0.16939890710382513
0 0.4381818181818182 0.2568306010928962 0.06181818181818182 0.1092896174863388
0 0.6436363636363637 0.18032786885245902 0.08727272727272728 0.12021857923497267
0 0.7781818181818182 0.15846994535519127 0.10909090909090909 0.1092896174863388
0 0.8472727272727273 0.19398907103825136 0.05090909090909091 0.07103825136612021
0 0.9036363636363637 0.21584699453551912 0.06181818181818182 0.08196721311475409
1 0.19454545454545455 0.5710382513661202 0.2 0.726775956284153
1 0.37636363636363634 0.5109289617486339 0.19272727272727272 0.8579234972677595
1 0.7581818181818182 0.5409836065573771 0.2 0.8961748633879781
1 0.6454545454545455 0.36065573770491804 0.15636363636363637 0.5245901639344263
1 0.88 0.4972677595628415 0.12363636363636364 0.6994535519125683
