0 0.8973941368078177 0.38109756097560976 0.10097719869706841 0.17682926829268295
0 0.737785016286645 0.28963414634146345 0.10749185667752444 0.17682926829268295
0 0.6205211726384365 0.39939024390243905 0.11400651465798047 0.16463414634146342
0 0.5504885993485342 0.2774390243902439 0.1237785016286645 0.1402439024390244
0 0.4641693811074919 0.22560975609756098 0.10097719869706841 0.17073170731707318
0 0.30456026058631924 0.24695121951219512 0.11400651465798047 0.1402439024390244
0 0.19543973941368079 0.3201219512195122 0.11074918566775245 0.12804878048780488
0 0.10423452768729642 0.6707317073170732 0.11726384364820848 0.15853658536585366
2 0.25895765472312704 0.7957317073170732 0.21172638436482086 0.38414634146341464
1 0.09771986970684039 0.7896341463414634 0.13680781758957655 0.39634146341463417
1 0.21172638436482086 0.4298780487804878 0.14332247557003258 0.34756097560975613
1 0.31107491856677527 0.3902439024390244 0.1270358306188925 0.41463414634146345
1 0.5895765472312704 0.5884146341463414 0.1758957654723127 0.5304878048780488
1 0.741042345276873 0.47256097560975613 0.10749185667752444 0.5548780487804879
