0 0.26 0.31420765027322406 0.06181818181818182 0.060109289617486336
0 0.36363636363636365 0.33060109289617484 0.07272727272727272 0.04918032786885246
0 0.48363636363636364 0.30327868852459017 0.05818181818181818 0.04918032786885246
0 0.5709090909090909 0.27049180327868855 0.05090909090909091 0.04918032786885246
0 0.6218181818181818 0.29508196721311475 0.06545454545454546 0.06557377049180328
1 0.24545454545454545 0.6229508196721312 0.11272727272727273 0.6666666666666666
1 0.3654545454545455 0.6174863387978142 0.12727272727272726 0.644808743169399
1 0.48545454545454547 0.6120218579234973 0.12 0.6666666666666666
1 0.6509090909090909 0.6092896174863388 0.11636363636363636 0.6721311475409836
1 0.5672727272727273 0.36065573770491804 0.05818181818181818 0.24043715846994534
1 0.49272727272727274 0.6038251366120219 0.11272727272727273 0.639344262295082
