1 0.21454545454545454 0.5983606557377049 0.26181818181818184 0.7923497267759563
1 0.37454545454545457 0.3469945355191257 0.20363636363636364 0.5300546448087432
1 0.58 0.5109289617486339 0.2581818181818182 0.912568306010929
1 0.7836363636363637 0.1994535519125683 0.28 0.3989071038251366
1 0.8981818181818182 0.4781420765027322 0.19636363636363635 0.5737704918032787
0 0.18545454545454546 0.30601092896174864 0.19636363636363635 0.20765027322404372
0 0.35454545454545455 0.18579234972677597 0.18545454545454546 0.19672131147540983
0 0.5654545454545454 0.1721311475409836 0.2290909090909091 0.22404371584699453
0 0.7836363636363637 0.07377049180327869 0.2872727272727273 0.14754098360655737
0 0.8945454545454545 0.3005464480874317 0.20363636363636364 0.22950819672131148
