2 0.17413793103448275 0.3879310344827586 0.09310344827586206 0.5574712643678161
1 0.27413793103448275 0.29310344827586204 0.12068965517241378 0.3908045977011494
0 0.24655172413793103 0.14080459770114942 0.05862068965517241 0.07471264367816091
0 0.4413793103448276 0.10344827586206896 0.06206896551724138 0.06896551724137931
0 0.7482758620689655 0.08045977011494253 0.06206896551724138 0.08045977011494253
0 0.8327586206896551 0.08620689655172414 0.07241379310344828 0.08045977011494253
2 0.6413793103448275 0.1752873563218391 0.10344827586206896 0.2471264367816092
2 0.5534482758620689 0.21264367816091953 0.10689655172413792 0.28735632183908044
2 0.3689655172413793 0.3017241379310345 0.0896551724137931 0.40804597701149425
1 0.46206896551724136 0.21264367816091953 0.10344827586206896 0.27586206896551724
1 0.7413793103448276 0.1867816091954023 0.0896551724137931 0.3160919540229885
1 0.85 0.3390804597701149 0.11379310344827587 0.5862068965517241
