0 0.19818181818181818 0.27049180327868855 0.06909090909090909 0.060109289617486336
0 0.30363636363636365 0.30601092896174864 0.06909090909090909 0.06557377049180328
0 0.42 0.31420765027322406 0.06181818181818182 0.060109289617486336
0 0.48727272727272725 0.31420765027322406 0.05818181818181818 0.04918032786885246
0 0.5454545454545454 0.32786885245901637 0.06545454545454546 0.0546448087431694
1 0.16545454545454547 0.5710382513661202 0.12 0.6502732240437158
1 0.2818181818181818 0.587431693989071 0.12727272727272726 0.639344262295082
1 0.4109090909090909 0.6038251366120219 0.10909090909090909 0.6502732240437158
1 0.49272727272727274 0.3907103825136612 0.06181818181818182 0.1912568306010929
1 0.5818181818181818 0.6065573770491803 0.13090909090909092 0.6338797814207651
