0 0.21595330739299612 0.10459183673469387 0.08949416342412451 0.07653061224489795
0 0.36964980544747084 0.12755102040816327 0.10894941634241245 0.09183673469387754
0 0.5525291828793775 0.1377551020408163 0.0933852140077821 0.09183673469387754
0 0.6595330739299611 0.07397959183673469 0.09727626459143969 0.09693877551020408
0 0.8599221789883269 0.12499999999999999 0.0933852140077821 0.07653061224489795
1 0.20622568093385213 0.520408163265306 0.1867704280155642 0.9081632653061223
1 0.39105058365758755 0.5178571428571428 0.21400778210116733 0.8724489795918366
1 0.5389105058365758 0.520408163265306 0.14396887159533073 0.8571428571428571
1 0.6926070038910506 0.49234693877551017 0.17120622568093385 0.9540816326530611
1 0.8618677042801557 0.5229591836734694 0.15953307392996108 0.8724489795918366
