0 0.09636363636363636 0.2650273224043716 0.12727272727272726 0.16939890710382513
0 0.5018181818181818 0.23497267759562843 0.14545454545454545 0.16393442622950818
0 0.3145454545454546 0.30601092896174864 0.13454545454545455 0.15300546448087432
0 0.74 0.34972677595628415 0.10545454545454545 0.12021857923497267
0 0.8927272727272727 0.2814207650273224 0.12 0.12568306010928962
0 0.4072727272727273 0.3005464480874317 0.06545454545454546 0.07650273224043716
0 0.22363636363636363 0.3360655737704918 0.07636363636363637 0.1366120218579235
1 0.10363636363636364 0.5655737704918032 0.18545454545454546 0.7595628415300546
1 0.5236363636363637 0.546448087431694 0.2909090909090909 0.7978142076502732
1 0.3109090909090909 0.3825136612021858 0.13454545454545455 0.30601092896174864
1 0.7381818181818182 0.4918032786885246 0.11636363636363636 0.4371584699453552
1 0.8981818181818182 0.5109289617486339 0.1890909090909091 0.5846994535519126
