0 0.21747967479674798 0.09268292682926829 0.10975609756097562 0.0975609756097561
0 0.3699186991869919 0.11707317073170731 0.10569105691056911 0.08780487804878048
0 0.5569105691056911 0.12682926829268293 0.0975609756097561 0.0975609756097561
0 0.6666666666666667 0.06585365853658537 0.10569105691056911 0.08292682926829269
0 0.8597560975609757 0.11219512195121951 0.0934959349593496 0.07804878048780488
1 0.2052845528455285 0.47804878048780486 0.17479674796747968 0.8292682926829268
1 0.4044715447154472 0.48048780487804876 0.1829268292682927 0.8146341463414634
1 0.5406504065040652 0.47073170731707314 0.14634146341463417 0.7951219512195122
1 0.693089430894309 0.44634146341463415 0.17479674796747968 0.8829268292682927
1 0.8699186991869919 0.47073170731707314 0.1626016260162602 0.8439024390243902
