0 0.7712933753943217 0.35534591194968557 0.07886435331230283 0.1069182389937107
0 0.6561514195583596 0.389937106918239 0.06309148264984227 0.10062893081761007
0 0.5157728706624606 0.3459119496855346 0.05993690851735015 0.10062893081761007
0 0.36908517350157727 0.32704402515723274 0.06309148264984227 0.08805031446540881
0 0.22870662460567823 0.3427672955974843 0.05993690851735015 0.08176100628930819
1 0.23028391167192427 0.6446540880503145 0.15141955835962145 0.6855345911949686
1 0.3864353312302839 0.6352201257861636 0.1608832807570978 0.7044025157232705
1 0.5157728706624606 0.6415094339622642 0.12933753943217666 0.6918238993710693
1 0.6498422712933754 0.6635220125786164 0.15141955835962145 0.6477987421383649
1 0.7996845425867508 0.6477987421383649 0.15457413249211355 0.679245283018868
