2 0.17142857142857143 0.5024390243902439 0.1469387755102041 0.7317073170731707
2 0.28571428571428575 0.4951219512195122 0.10612244897959185 0.7170731707317073
2 0.3591836734693878 0.16585365853658537 0.0816326530612245 0.18536585365853658
2 0.43061224489795924 0.4975609756097561 0.06938775510204082 0.7317073170731707
2 0.4938775510204082 0.17073170731707318 0.0816326530612245 0.16585365853658537
2 0.5551020408163265 0.43658536585365854 0.07346938775510205 0.6097560975609756
2 0.616326530612245 0.17560975609756097 0.0653061224489796 0.15609756097560976
2 0.8591836734693878 0.4219512195121951 0.1510204081632653 0.5804878048780487
0 0.7285714285714286 0.11219512195121951 0.08571428571428572 0.06829268292682927
0 0.6775510204081633 0.16829268292682928 0.07346938775510205 0.06341463414634146
1 0.6816326530612246 0.5048780487804878 0.0816326530612245 0.7170731707317073
1 0.7367346938775511 0.14146341463414633 0.06938775510204082 0.1073170731707317
