0 0.46545454545454545 0.48633879781420764 0.07272727272727272 0.08743169398907104
0 0.62 0.4808743169398907 0.06181818181818182 0.08743169398907104
0 0.6981818181818182 0.5109289617486339 0.08 0.07103825136612021
0 0.8181818181818182 0.453551912568306 0.07272727272727272 0.08743169398907104
0 0.9072727272727272 0.49453551912568305 0.08363636363636363 0.08196721311475409
1 0.44727272727272727 0.7049180327868853 0.13818181818181818 0.5355191256830601
1 0.5945454545454546 0.6912568306010929 0.12727272727272726 0.5300546448087432
1 0.7145454545454546 0.7103825136612022 0.12727272727272726 0.4918032786885246
1 0.8272727272727273 0.6693989071038251 0.11272727272727273 0.5191256830601093
1 0.9072727272727272 0.7049180327868853 0.10545454545454545 0.546448087431694
