0 0.174496644295302 0.1272189349112426 0.12080536912751677 0.14792899408284024
0 0.3070469798657718 0.16272189349112426 0.1040268456375839 0.10059171597633136
0 0.3926174496644295 0.21005917159763313 0.053691275167785234 0.0650887573964497
0 0.49328859060402686 0.21597633136094674 0.060402684563758385 0.07692307692307693
0 0.5822147651006712 0.1982248520710059 0.08389261744966443 0.08875739644970414
0 0.6929530201342282 0.17751479289940827 0.1040268456375839 0.1301775147928994
0 0.8389261744966443 0.14497041420118342 0.14093959731543623 0.17159763313609466
1 0.18456375838926173 0.4526627218934911 0.22147651006711408 0.8461538461538461
1 0.31543624161073824 0.30177514792899407 0.11409395973154363 0.40236686390532544
1 0.40436241610738255 0.2958579881656805 0.09060402684563758 0.23668639053254437
1 0.49328859060402686 0.3076923076923077 0.08053691275167785 0.2603550295857988
1 0.587248322147651 0.29881656804733725 0.10738255033557047 0.30177514792899407
1 0.709731543624161 0.2603550295857988 0.12416107382550336 0.28402366863905326
1 0.8640939597315436 0.3431952662721893 0.1912751677852349 0.5680473372781065
