0 0.15669014084507044 0.2033898305084746 0.09507042253521127 0.0903954802259887
0 0.43838028169014087 0.3870056497175141 0.08098591549295775 0.06214689265536723
0 0.5950704225352113 0.4350282485875706 0.06338028169014084 0.05649717514124294
0 0.8151408450704225 0.5621468926553672 0.03169014084507042 0.03954802259887005
0 0.8591549295774648 0.6016949152542372 0.02112676056338028 0.03954802259887005
1 0.14612676056338028 0.3870056497175141 0.2147887323943662 0.4915254237288136
1 0.4295774647887324 0.4887005649717514 0.11267605633802817 0.288135593220339
1 0.5915492957746479 0.4689265536723164 0.08450704225352113 0.12429378531073446
1 0.8133802816901409 0.615819209039548 0.056338028169014086 0.14689265536723164
1 0.8573943661971831 0.6412429378531074 0.045774647887323945 0.096045197740113
