0 0.2454212454212454 0.30000000000000004 0.1684981684981685 0.13513513513513514
0 0.3424908424908425 0.2567567567567568 0.0989010989010989 0.08108108108108109
0 0.41208791208791207 0.24054054054054055 0.09157509157509157 0.08108108108108109
0 0.6117216117216118 0.2567567567567568 0.11721611721611722 0.12432432432432433
0 0.826007326007326 0.28378378378378377 0.12087912087912088 0.10270270270270271
0 0.38644688644688646 0.41621621621621624 0.14285714285714285 0.17297297297297298
1 0.2454212454212454 0.3783783783783784 0.1684981684981685 0.2918918918918919
1 0.39377289377289376 0.45675675675675675 0.14285714285714285 0.21081081081081082
1 0.608058608058608 0.3945945945945946 0.18315018315018314 0.41081081081081083
1 0.8772893772893773 0.41891891891891897 0.23076923076923078 0.372972972972973
2 0.7435897435897436 0.3675675675675676 0.07326007326007326 0.3783783783783784
