0 0.16545454545454547 0.17759562841530055 0.06181818181818182 0.060109289617486336
0 0.26 0.26229508196721313 0.05454545454545454 0.06557377049180328
0 0.3927272727272727 0.26229508196721313 0.05818181818181818 0.0546448087431694
0 0.5036363636363637 0.2786885245901639 0.06181818181818182 0.0546448087431694
0 0.5654545454545454 0.28688524590163933 0.03272727272727273 0.03825136612021858
0 0.6872727272727273 0.2568306010928962 0.07272727272727272 0.06557377049180328
0 0.7509090909090909 0.27049180327868855 0.04 0.04918032786885246
0 0.8127272727272727 0.2677595628415301 0.05454545454545454 0.04371584699453552
1 0.15636363636363637 0.5081967213114754 0.13818181818181818 0.7431693989071039
1 0.2636363636363636 0.5109289617486339 0.10545454545454545 0.5737704918032787
1 0.3927272727272727 0.5163934426229508 0.10181818181818182 0.5846994535519126
1 0.52 0.5273224043715847 0.13090909090909092 0.5846994535519126
1 0.5890909090909091 0.5136612021857924 0.08727272727272728 0.5027322404371585
1 0.6963636363636364 0.5765027322404371 0.10545454545454545 0.726775956284153
1 0.8272727272727273 0.5191256830601093 0.09090909090909091 0.5573770491803278
