0 0.16359447004608296 0.4978448275862069 0.06912442396313365 0.05603448275862069
0 0.4009216589861751 0.5043103448275862 0.07373271889400922 0.05172413793103448
0 0.8433179723502304 0.49137931034482757 0.07373271889400922 0.04310344827586207
2 0.6428571428571429 0.6961206896551724 0.17050691244239632 0.4439655172413793
0 0.271889400921659 0.023706896551724137 0.06451612903225806 0.03879310344827586
0 0.347926267281106 0.0668103448275862 0.059907834101382486 0.03879310344827586
0 0.43548387096774194 0.023706896551724137 0.059907834101382486 0.03879310344827586
0 0.5483870967741935 0.04956896551724138 0.06451612903225806 0.03879310344827586
0 0.6612903225806451 0.028017241379310345 0.06912442396313365 0.03879310344827586
0 0.771889400921659 0.04525862068965517 0.06912442396313365 0.04741379310344827
1 0.2534562211981567 0.21336206896551724 0.11981566820276497 0.41810344827586204
1 0.35253456221198154 0.24568965517241378 0.07834101382488479 0.39655172413793105
1 0.4447004608294931 0.21982758620689655 0.1152073732718894 0.43103448275862066
1 0.5576036866359447 0.23275862068965517 0.10138248847926268 0.43103448275862066
1 0.663594470046083 0.22629310344827586 0.11059907834101382 0.4267241379310345
1 0.7788018433179723 0.23060344827586207 0.12903225806451613 0.4353448275862069
1 0.16589861751152074 0.6982758620689655 0.18433179723502305 0.4568965517241379
1 0.41013824884792627 0.6918103448275862 0.1935483870967742 0.4439655172413793
1 0.8640552995391705 0.6961206896551724 0.19815668202764977 0.4353448275862069
