0 0.14727272727272728 0.1277173913043478 0.12 0.1358695652173913
0 0.32545454545454544 0.11684782608695651 0.09090909090909091 0.08152173913043478
0 0.49636363636363634 0.08423913043478261 0.14181818181818182 0.1358695652173913
0 0.6581818181818182 0.12228260869565218 0.08727272727272728 0.08152173913043478
0 0.86 0.11684782608695651 0.12 0.11413043478260869
1 0.8654545454545455 0.4701086956521739 0.2545454545454545 0.842391304347826
1 0.15818181818181817 0.421195652173913 0.2290909090909091 0.7010869565217391
1 0.3290909090909091 0.18478260869565216 0.14909090909090908 0.22826086956521738
1 0.49818181818181817 0.15760869565217392 0.1890909090909091 0.2934782608695652
1 0.6690909090909091 0.19565217391304346 0.13818181818181818 0.25
