0 0.1354515050167224 0.30952380952380953 0.07023411371237458 0.08333333333333333
0 0.20066889632107024 0.2857142857142857 0.07357859531772575 0.09523809523809523
0 0.28595317725752506 0.24107142857142855 0.07023411371237458 0.07738095238095238
0 0.431438127090301 0.22023809523809523 0.07357859531772575 0.08333333333333333
0 0.6454849498327759 0.1845238095238095 0.0802675585284281 0.08333333333333333
0 0.8561872909698997 0.1369047619047619 0.08695652173913043 0.10714285714285714
2 0.7725752508361204 0.4732142857142857 0.06688963210702341 0.625
1 0.8762541806020067 0.40773809523809523 0.15384615384615385 0.6607142857142857
1 0.6755852842809364 0.49107142857142855 0.14046822742474915 0.6964285714285714
2 0.5484949832775919 0.5565476190476191 0.12709030100334448 0.7321428571428571
1 0.42642140468227424 0.5476190476190476 0.11705685618729096 0.738095238095238
1 0.3010033444816054 0.5863095238095237 0.13377926421404682 0.7797619047619048
1 0.2157190635451505 0.4345238095238095 0.0903010033444816 0.42857142857142855
1 0.12876254180602006 0.613095238095238 0.1705685618729097 0.7023809523809523
