0 0.2109090909090909 0.2978142076502732 0.19636363636363635 0.18032786885245902
0 0.6763636363636364 0.3442622950819672 0.20363636363636364 0.16393442622950818
1 0.21636363636363637 0.6038251366120219 0.21454545454545454 0.7814207650273224
1 0.7036363636363636 0.6311475409836066 0.24363636363636362 0.726775956284153
2 0.4218181818181818 0.5027322404371585 0.22545454545454546 0.9508196721311475
2 0.15636363636363637 0.09016393442622951 0.11636363636363636 0.18032786885245902
2 0.056363636363636366 0.4972677595628415 0.11272727272727273 0.994535519125683
2 0.8690909090909091 0.21584699453551912 0.10181818181818182 0.22404371584699453
2 0.7545454545454545 0.1885245901639344 0.11272727272727273 0.15846994535519127
2 0.6545454545454545 0.13387978142076504 0.09454545454545454 0.23497267759562843
2 0.5763636363636364 0.13114754098360656 0.07636363636363637 0.26229508196721313
