0 0.10875706214689265 0.38028169014084506 0.09322033898305085 0.2112676056338028
0 0.3319209039548023 0.3767605633802817 0.08757062146892655 0.17605633802816903
0 0.5310734463276836 0.2887323943661972 0.1581920903954802 0.323943661971831
0 0.7090395480225988 0.33098591549295775 0.1016949152542373 0.18309859154929578
1 0.08757062146892655 0.5774647887323944 0.12994350282485875 0.5492957746478874
1 0.3432203389830508 0.5 0.1271186440677966 0.4366197183098592
1 0.5310734463276836 0.5316901408450704 0.192090395480226 0.8098591549295775
1 0.7161016949152542 0.545774647887324 0.17231638418079095 0.5563380281690141
2 0.943502824858757 0.5492957746478874 0.10734463276836158 0.47887323943661975
2 0.8432203389830508 0.4330985915492958 0.09887005649717515 0.3028169014084507
2 0.2175141242937853 0.44366197183098594 0.10734463276836158 0.35211267605633806
