0 0.3 0.3181818181818182 0.17777777777777778 0.1657754010695187
0 0.3962962962962963 0.17379679144385027 0.11851851851851852 0.1657754010695187
0 0.5962962962962963 0.21122994652406415 0.11111111111111112 0.1122994652406417
0 0.7277777777777779 0.27807486631016043 0.14444444444444446 0.1283422459893048
0 0.837037037037037 0.1925133689839572 0.11111111111111112 0.0962566844919786
1 0.2425925925925926 0.6122994652406417 0.2925925925925926 0.7540106951871657
1 0.40185185185185185 0.5401069518716577 0.14444444444444446 0.9090909090909091
1 0.5944444444444444 0.5454545454545454 0.18888888888888888 0.8021390374331551
1 0.7314814814814815 0.5828877005347594 0.1814814814814815 0.7486631016042781
1 0.8518518518518519 0.3101604278074866 0.15555555555555556 0.3422459893048128
