0 0.18363636363636363 0.3114754098360656 0.20727272727272728 0.20765027322404372
0 0.34545454545454546 0.1912568306010929 0.19636363636363635 0.20765027322404372
0 0.5636363636363636 0.17759562841530055 0.21818181818181817 0.23497267759562843
0 0.7854545454545454 0.1092896174863388 0.24727272727272728 0.2185792349726776
0 0.8909090909090909 0.3087431693989071 0.2109090909090909 0.2459016393442623
1 0.18545454545454546 0.5983606557377049 0.33454545454545453 0.7814207650273224
1 0.36 0.36885245901639346 0.21818181818181817 0.5628415300546448
1 0.5109090909090909 0.5163934426229508 0.3527272727272727 0.9016393442622951
1 0.7727272727272727 0.4781420765027322 0.2727272727272727 0.9562841530054644
1 0.8654545454545455 0.5983606557377049 0.26181818181818184 0.7704918032786885
