0 0.19333333333333336 0.041666666666666664 0.07333333333333333 0.08333333333333333
0 0.27166666666666667 0.08035714285714285 0.07666666666666667 0.07738095238095238
0 0.45 0.06547619047619047 0.08666666666666667 0.10714285714285714
0 0.745 0.07738095238095238 0.07 0.09523809523809523
0 0.8600000000000001 0.08630952380952381 0.08 0.10119047619047619
2 0.66 0.5297619047619048 0.1 0.9285714285714285
1 0.7516666666666667 0.5178571428571428 0.08333333333333334 0.9523809523809523
1 0.8650000000000001 0.5119047619047619 0.11666666666666667 0.9642857142857142
1 0.4716666666666667 0.5 0.11666666666666667 0.9642857142857142
1 0.195 0.49107142857142855 0.13 0.9821428571428571
1 0.2816666666666667 0.18154761904761904 0.08333333333333334 0.26785714285714285
2 0.3666666666666667 0.5476190476190476 0.10666666666666667 0.8928571428571428
