0 0.25528169014084506 0.2247191011235955 0.4964788732394366 0.4382022471910112
0 0.5387323943661972 0.36797752808988765 0.07746478873239437 0.09550561797752809
0 0.6426056338028169 0.3707865168539326 0.06690140845070423 0.07865168539325842
0 0.7411971830985916 0.4353932584269663 0.09507042253521127 0.11797752808988764
0 0.7940140845070423 0.3904494382022472 0.03873239436619719 0.07303370786516854
0 0.8450704225352113 0.42696629213483145 0.09154929577464789 0.14606741573033707
0 0.9313380281690141 0.39606741573033705 0.045774647887323945 0.05056179775280899
1 0.5422535211267606 0.6432584269662921 0.14084507042253522 0.6460674157303371
1 0.6320422535211268 0.4044943820224719 0.09507042253521127 0.19101123595505617
1 0.727112676056338 0.6882022471910112 0.11619718309859155 0.6123595505617977
1 0.8591549295774648 0.6544943820224719 0.14084507042253522 0.6123595505617977
1 0.9471830985915494 0.49719101123595505 0.09859154929577466 0.2752808988764045
