0 0.27090909090909093 0.30601092896174864 0.07636363636363637 0.14207650273224043
0 0.34545454545454546 0.27595628415300544 0.09454545454545454 0.12568306010928962
0 0.4381818181818182 0.2650273224043716 0.12 0.12568306010928962
0 0.5509090909090909 0.273224043715847 0.13454545454545455 0.16393442622950818
0 0.6963636363636364 0.2540983606557377 0.1709090909090909 0.20218579234972678
0 0.8545454545454545 0.19398907103825136 0.16727272727272727 0.20218579234972678
1 0.2727272727272727 0.592896174863388 0.12363636363636364 0.7377049180327869
1 0.3381818181818182 0.4207650273224044 0.09454545454545454 0.44808743169398907
1 0.44363636363636366 0.4207650273224044 0.12363636363636364 0.4808743169398907
1 0.5490909090909091 0.4180327868852459 0.11636363636363636 0.4972677595628415
1 0.6854545454545454 0.5081967213114754 0.1709090909090909 0.7213114754098361
1 0.8363636363636363 0.453551912568306 0.1890909090909091 0.7431693989071039
2 0.10181818181818182 0.5710382513661202 0.20363636363636364 0.8360655737704918
