0 0.5040816326530613 0.0703883495145631 0.15918367346938778 0.1407766990291262
0 0.11224489795918369 0.19174757281553395 0.06938775510204082 0.05339805825242718
0 0.18571428571428572 0.23058252427184464 0.06122448979591837 0.05339805825242718
0 0.3612244897959184 0.21359223300970873 0.08571428571428572 0.07766990291262135
0 0.8081632653061225 0.23543689320388347 0.07346938775510205 0.06310679611650485
0 0.916326530612245 0.24757281553398056 0.07755102040816328 0.06796116504854369
2 0.6489795918367347 0.2378640776699029 0.0979591836734694 0.1262135922330097
2 0.2693877551020408 0.26941747572815533 0.05714285714285715 0.07281553398058252
2 0.7183673469387756 0.2669902912621359 0.07346938775510205 0.058252427184466014
1 0.9183673469387756 0.5145631067961165 0.1306122448979592 0.6116504854368932
1 0.8306122448979593 0.4757281553398058 0.11836734693877551 0.5242718446601942
1 0.11224489795918369 0.47087378640776695 0.1346938775510204 0.6407766990291262
