0 0.11068702290076335 0.10880829015544041 0.07633587786259542 0.08290155440414508
0 0.3187022900763359 0.12694300518134716 0.08015267175572519 0.07772020725388601
0 0.5438931297709924 0.12694300518134716 0.07251908396946564 0.06735751295336788
0 0.7213740458015266 0.08290155440414508 0.07633587786259542 0.07253886010362695
0 0.8854961832061068 0.12176165803108809 0.07633587786259542 0.08808290155440415
1 0.10877862595419847 0.47927461139896377 0.1946564885496183 0.8134715025906736
1 0.3148854961832061 0.47927461139896377 0.1946564885496183 0.7720207253886011
1 0.8969465648854962 0.47150259067357514 0.183206106870229 0.7772020725388601
1 0.7041984732824427 0.4689119170984456 0.21755725190839695 0.8341968911917099
1 0.5267175572519084 0.24352331606217617 0.16030534351145037 0.2901554404145078
