0 0.461340206185567 0.13653846153846155 0.10824742268041238 0.08076923076923077
0 0.3118556701030928 0.2557692307692308 0.0979381443298969 0.057692307692307696
0 0.6262886597938144 0.2730769230769231 0.10824742268041238 0.06923076923076923
0 0.520618556701031 0.41923076923076924 0.10309278350515463 0.06153846153846154
0 0.6881443298969072 0.49230769230769234 0.10824742268041238 0.06153846153846154
0 0.8298969072164948 0.48461538461538467 0.09278350515463918 0.07692307692307693
0 0.7654639175257731 0.4865384615384616 0.08762886597938144 0.05
0 0.7654639175257731 0.65 0.0979381443298969 0.06923076923076923
0 0.8685567010309279 0.6730769230769231 0.11855670103092783 0.08461538461538462
0 0.5103092783505154 0.675 0.12371134020618557 0.07307692307692308
0 0.327319587628866 0.6346153846153847 0.10824742268041238 0.06923076923076923
0 0.327319587628866 0.5576923076923077 0.11855670103092783 0.06923076923076923
0 0.18298969072164947 0.6423076923076924 0.0979381443298969 0.07692307692307693
0 0.2603092783505155 0.4903846153846154 0.0979381443298969 0.08076923076923077
0 0.12628865979381443 0.4653846153846154 0.10824742268041238 0.06153846153846154
0 0.05412371134020619 0.4346153846153846 0.10824742268041238 0.07692307692307693
