0 0.09634551495016612 0.14670658682634732 0.09966777408637874 0.10179640718562875
0 0.20930232558139536 0.17365269461077845 0.09302325581395349 0.10778443113772455
0 0.30066445182724255 0.038922155688622756 0.08970099667774087 0.07784431137724551
0 0.38205980066445183 0.059880239520958084 0.09966777408637874 0.10778443113772455
0 0.46345514950166117 0.1377245508982036 0.08970099667774087 0.11976047904191617
0 0.5930232558139535 0.1377245508982036 0.09634551495016612 0.11976047904191617
0 0.6976744186046512 0.08383233532934133 0.12624584717607973 0.14371257485029942
0 0.8820598006644519 0.035928143712574856 0.14285714285714285 0.07185628742514971
1 0.09302325581395349 0.2125748502994012 0.13953488372093023 0.24550898203592816
1 0.21096345514950166 0.2844311377245509 0.12292358803986711 0.3293413173652695
1 0.30066445182724255 0.11676646706586827 0.08305647840531562 0.22155688622754494
1 0.39534883720930236 0.3532934131736527 0.12624584717607973 0.6826347305389222
1 0.4684385382059801 0.18263473053892218 0.11295681063122924 0.22155688622754494
1 0.584717607973422 0.218562874251497 0.11960132890365449 0.31736526946107785
1 0.7358803986710963 0.36526946107784436 0.1893687707641196 0.6946107784431138
1 0.9069767441860466 0.31137724550898205 0.17940199335548174 0.6227544910179641
