2 0.08273381294964029 0.5331491712707183 0.10791366906474821 0.8011049723756906
2 0.25539568345323743 0.1878453038674033 0.05755395683453238 0.16574585635359115
2 0.9100719424460432 0.5248618784530387 0.10071942446043167 0.7845303867403315
2 0.46402877697841727 0.19060773480662982 0.06474820143884892 0.13812154696132595
2 0.3902877697841727 0.21823204419889503 0.08273381294964029 0.281767955801105
2 0.5953237410071943 0.2016574585635359 0.07553956834532374 0.1712707182320442
2 0.5377697841726619 0.5552486187845304 0.10431654676258993 0.8563535911602209
2 0.7194244604316548 0.17679558011049723 0.05035971223021583 0.17679558011049723
2 0.8309352517985612 0.1878453038674033 0.07194244604316546 0.22099447513812154
2 0.7733812949640289 0.19060773480662982 0.06474820143884892 0.1712707182320442
0 0.19424460431654678 0.1022099447513812 0.08633093525179857 0.09392265193370165
0 0.3129496402877698 0.17679558011049723 0.07194244604316546 0.09944751381215469
0 0.6690647482014389 0.08839779005524862 0.07913669064748202 0.08839779005524862
1 0.18884892086330937 0.5193370165745856 0.09712230215827339 0.9060773480662982
1 0.6654676258992807 0.4917127071823204 0.07913669064748202 0.9171270718232044
